   45086
     147
    3482
      10
     836
   15194
     370
    3422
     943
      15
     827
      43
      14
    1332
     251
     213
     166
     307
      14
      14
     867
      15
    5200
     201
     493
       1
     270
    1085
      60
    7714
    2001
     498
     944
     384
    1513
    8694
    1610
    1868
    1605
   15853
    1864
   13141
    3209
    2098
    2886
     113
    2231
     412
      19
     157
    5707
    3950
      93
     547
    1708
     458
     660
    1562
    3780
    1327
      67
      15
    1607
    3034
     549
     261
    1419
    2288
   13078
    3743
     659
     445
       2
    1802
    7934
     613
    2054
    2220
    5586
    5688
     979
     468
      22
     490
    6643
    3040
    8762
     934
    2955
    1002
     812
     948
    2453
    4120
      84
     525
    1761
    1836
    1601
    3322
    8137
   12184
    2679
    2100
    3800
     313
    2596
    4807
     390
   12797
     573
    3514
      14
    6009
     229
    2681
    4000
    4144
    2569
     427
    4136
    1065
    4800
    1889
     666
     360
   10542
     127
    3825
     916
      14
    3860
     804
   17206
    1992
    4919
      19
     530
     439
    5269
    3996
    5599
     991
     616
     365
       5
    2774
    1523
     782
     457
    2070
    1060
     104
    1223
     518
    2251
    3692
     382
      21
     147
    1302
     700
      29
    2970
     888
    1122
     413
     441
    1452
    1182
      86
    1108
    6920
    7870
    1366
    3524
      86
    1355
     867
     752
      15
   10489
    1531
    1068
    6970
     205
   12931
    2203
    6315
    1298
    9074
   17534
      20
       1
    1176
    6219
    7759
      26
    3151
    1166
     490
     490
     304
    1342
     584
     192
     257
     163
    1338
    3170
     519
     199
     307
    2540
     174
     600
      78
    1120
   14566
     277
      17
     569
    3598
